CAB_vocabulary CAB_proverbs CAB_spelling HB_vocabulary WAIS_information WAIS_comprehension WAIS_vocabulary WAIS_similarities HB_pedigrees HB_raven HB_things_categories HB_different_uses WAIS_picture_completion WAIS_picture_arrangement WAIS_object_assembly CAB_memory_span CAB_speed_of_closure CAB_word_fluency HB_word_beginnings/endings WAIS_digit_span CAB_associative_memory CAB_meaningful_memory HB_immediate_visual_memory HB_delayed_visual_memory CAB_perceptual_speed HB_identical_pictures HB_card_rotation HB_cubes CAB_numerical_ability HB_subtraction/multiplication HB_lines_and_dots WAIS_digit_symbol WAIS_arithmetic CAB_spatial_ability Flexibility_of_closure CAB_mechanical_ability CAB_inductive_reasoning HB_mental_rotation HB_paper_formboard HB_hidden_patterns HB_paper_folding WAIS_block_design
CAB_vocabulary  1.0
CAB_proverbs  0.72934457  1.0
CAB_spelling  0.71107076  0.60856835  1.0
HB_vocabulary  0.80893283  0.71083929  0.73279413  1.0
WAIS_information  0.72313037  0.62428113  0.64137897  0.70110813  1.0
WAIS_comprehension  0.64148538  0.59560629  0.49065397  0.61645961  0.64040409  1.0
WAIS_vocabulary  0.82345415  0.72817775  0.69321791  0.80127353  0.76676105  0.71355699  1.0
WAIS_similarities  0.58150664  0.56552  0.48445394  0.5637251  0.63386645  0.56967054  0.66254956  1.0
HB_pedigrees  0.66426229  0.6407513  0.62575806  0.68120599  0.63550087  0.48837528  0.63219664  0.52652495  1.0
HB_raven  0.60068252  0.46427612  0.51975283  0.48765946  0.57518336  0.48571454  0.54807699  0.47228221  0.57104597  1.0
HB_things_categories  0.48102026  0.48122441  0.45117538  0.53188381  0.49489639  0.45013438  0.54432913  0.40252746  0.47381987  0.33358403  1.0
HB_different_uses  0.5314043  0.52365433  0.41828356  0.52881829  0.50713418  0.54519014  0.58886114  0.50797659  0.51275392  0.40935887  0.61200922  1.0
WAIS_picture_completion  0.43227662  0.42822986  0.36175141  0.42976291  0.48052043  0.40354283  0.46620032  0.44299634  0.45548661  0.48415444  0.3471481  0.3582923  1.0
WAIS_picture_arrangement  0.35724628  0.39675202  0.26460304  0.33252126  0.40540417  0.41602568  0.38748879  0.32135791  0.40292484  0.39781655  0.31648133  0.31935608  0.4447261  1.0
WAIS_object_assembly  0.25203814  0.24602792  0.17260969  0.25948299  0.32416036  0.30031014  0.26525971  0.27634497  0.31858533  0.39276272  0.25818485  0.28608158  0.43454346  0.33903941  1.0
CAB_memory_span  0.41540541  0.37755804  0.46471181  0.43046067  0.43855947  0.30548257  0.41587038  0.36210865  0.48518577  0.39831543  0.36317972  0.36603611  0.22796971  0.18549711  0.1118161  1.0
CAB_speed_of_closure  0.34917969  0.3653698  0.44852125  0.40892564  0.38118044  0.25332841  0.35028517  0.37191959  0.47759296  0.30551992  0.32144668  0.28235879  0.33477064  0.19706599  0.25227596  0.32924118  1.0
CAB_word_fluency  0.59029734  0.51542046  0.65158229  0.64827907  0.54470176  0.45217048  0.58087951  0.48833778  0.61597731  0.46099968  0.55328932  0.52749894  0.36770566  0.26041115  0.20164783  0.4839379  0.49260064  1.0
HB_word_beginnings/endings  0.59798163  0.54181295  0.62205158  0.62639289  0.53922604  0.50404537  0.61848361  0.47427454  0.56891238  0.4776129  0.49884495  0.47661224  0.37650881  0.32500491  0.21954097  0.42912001  0.41049131  0.71699166  1.0
WAIS_digit_span  0.38812793  0.38214914  0.46122745  0.39150967  0.3383473  0.27552469  0.40389339  0.32432446  0.45128301  0.38784284  0.32029055  0.28262865  0.25760026  0.17118365  0.11668855  0.59700432  0.35578094  0.46615475  0.48364361  1.0
CAB_associative_memory  0.34165733  0.3241308  0.36741679  0.37023048  0.38884353  0.24634969  0.33486917  0.27532131  0.43597223  0.31400774  0.20586428  0.3338409  0.23720754  0.20194056  0.16773389  0.3356933  0.33640921  0.37011174  0.23343835  0.28847402  1.0
CAB_meaningful_memory  0.53279916  0.52291082  0.46762287  0.50278431  0.48709195  0.4502778  0.55497169  0.46138672  0.50580469  0.44412211  0.36021268  0.4606093  0.41060765  0.34469523  0.22259038  0.29472838  0.33449048  0.44561156  0.44379477  0.3454377  0.43872523  1.0
HB_immediate_visual_memory  0.26079711  0.22497701  0.13156362  0.24734411  0.22920659  0.18588668  0.21683691  0.17860671  0.26649254  0.25822012  0.14233448  0.16592883  0.21709578  0.15421428  0.17091705  0.092410099  0.067483889  0.19511621  0.18201874  0.10971128  0.25982614  0.30923748  1.0
HB_delayed_visual_memory  0.25430106  0.22423434  0.17713291  0.25016164  0.23199608  0.21739514  0.25614782  0.1561006  0.26860053  0.23723389  0.19625271  0.18719334  0.19503868  0.13820263  0.17609847  0.13675853  0.13192028  0.238808  0.25859007  0.20298591  0.20912801  0.32411288  0.53137184  1.0
CAB_perceptual_speed  0.40466428  0.38739056  0.48720885  0.40800363  0.34633752  0.23906691  0.34074053  0.30976733  0.56235358  0.36938813  0.27662323  0.35479216  0.28218964  0.17980182  0.16715751  0.37345224  0.44773401  0.49333901  0.36465168  0.3226722  0.33443211  0.33716268  0.15757194  0.22212743  1.0
HB_identical_pictures  0.38836269  0.40079831  0.391011  0.47543073  0.42157706  0.31203166  0.38440576  0.33868357  0.55975805  0.30943203  0.40764177  0.42300698  0.41480929  0.34798704  0.41791555  0.28316584  0.44915834  0.45539141  0.32438571  0.18959695  0.29180559  0.32147418  0.17769583  0.14493989  0.54734873  1.0
HB_card_rotation  0.12872904  0.15215352  0.18386916  0.21901881  0.22173126  0.18579049  0.1708705  0.16801432  0.4107809  0.35787175  0.16540571  0.17627306  0.283896  0.25224682  0.35260782  0.2372217  0.25716826  0.26878969  0.22895089  0.12626253  0.2331399  0.21156186  0.17571877  0.17499191  0.33478861  0.37470999  1.0
HB_cubes  0.37076994  0.36623916  0.34642141  0.37280951  0.37306894  0.36256273  0.39490919  0.31406862  0.51449894  0.47318228  0.29023467  0.34016908  0.34047941  0.3006334  0.29844863  0.34878741  0.34359048  0.42634702  0.36780111  0.29639294  0.34172703  0.35829972  0.20070125  0.20487733  0.3741869  0.36092567  0.50941356  1.0
CAB_numerical_ability  0.58133787  0.54165594  0.66129926  0.59452624  0.58480799  0.45230738  0.5698793  0.46205631  0.65755833  0.52703342  0.44538236  0.4746145  0.33296499  0.26091646  0.21194972  0.54647939  0.47108005  0.6123791  0.51612457  0.49499053  0.40258275  0.42734423  0.15260295  0.23869232  0.58906662  0.4163364  0.25829827  0.43555657  1.0
HB_subtraction/multiplication  0.43591107  0.43180015  0.58045398  0.55064868  0.4574612  0.31656413  0.43558218  0.32873309  0.51256138  0.32925482  0.37201827  0.35345254  0.21333267  0.14603567  0.13284331  0.44179194  0.41540765  0.58155428  0.46032262  0.37564915  0.31377707  0.35034683  0.13094802  0.18661693  0.52597868  0.4062443  0.20286747  0.23569109  0.71155918  1.0
HB_lines_and_dots  0.25494747  0.27266227  0.2082922  0.2653187  0.26485932  0.22362662  0.24704172  0.23396866  0.35405124  0.20516889  0.21643319  0.26800255  0.23084623  0.1669942  0.23889441  0.20359911  0.22617191  0.21161435  0.1428064  0.19802556  0.26048133  0.24515061  0.16720273  0.16044995  0.3063877  0.32479591  0.21694891  0.27212597  0.31244807  0.27792305  1.0
WAIS_digit_symbol  0.45628839  0.40123405  0.51069072  0.50085909  0.40663525  0.31395385  0.4219755  0.35700494  0.52452976  0.41832671  0.30546121  0.39411358  0.34433792  0.21065732  0.19510901  0.42988657  0.32577774  0.53174967  0.4015004  0.40419177  0.37216692  0.3717568  0.23582892  0.26706229  0.57863389  0.52582597  0.21930212  0.3485617  0.56218624  0.54691227  0.2649205  1.0
WAIS_arithmetic  0.57779367  0.56067955  0.61213906  0.57150065  0.61882514  0.48291657  0.59775271  0.51691197  0.61738734  0.52153364  0.35913485  0.40216257  0.35714471  0.3517421  0.20521438  0.45658615  0.34542184  0.58058098  0.5345074  0.45423381  0.40953611  0.47521456  0.14918001  0.22537324  0.4264761  0.32233209  0.19896292  0.40439011  0.68410533  0.53944769  0.24132131  0.46521753  1.0
CAB_spatial_ability  0.30149104  0.27475686  0.26863069  0.3015099  0.29388925  0.24800984  0.28803199  0.25680342  0.49368789  0.43783758  0.23289593  0.31647219  0.29975344  0.23903895  0.30098261  0.30817229  0.27083147  0.32337693  0.29044834  0.24761122  0.2843144  0.28083953  0.218181  0.17270941  0.47517612  0.46020319  0.5943031  0.51251913  0.37474558  0.29531902  0.25535818  0.38441446  0.29937617  1.0
Flexibility_of_closure  0.50662905  0.41578634  0.44826253  0.46570032  0.44688147  0.43196903  0.45012649  0.37421514  0.47071815  0.42731219  0.31321479  0.4314835  0.36717808  0.31033468  0.295532  0.35678442  0.36208577  0.44204147  0.40244245  0.29797421  0.31637086  0.37200808  0.10216111  0.16575752  0.43037629  0.43528482  0.28588481  0.47036764  0.52136437  0.35392445  0.26106493  0.44544341  0.44331564  0.32159089  1.0
CAB_mechanical_ability  0.39746986  0.41600394  0.2701949  0.34247283  0.38612502  0.4384475  0.41554646  0.35402329  0.3743178  0.4182645  0.28752095  0.36660678  0.39056414  0.38838307  0.41490778  0.17688728  0.21697193  0.26863703  0.3153319  0.24762461  0.13695248  0.37255653  0.1456423  0.17122578  0.16549655  0.32230243  0.31269332  0.39219002  0.30148656  0.13829372  0.25608211  0.19521149  0.3531552  0.29444556  0.38656929  1.0
CAB_inductive_reasoning  0.52849331  0.49123763  0.51260145  0.49448138  0.48537595  0.3581787  0.50520816  0.41642324  0.6067715  0.53265543  0.38854895  0.39456973  0.38527202  0.31963692  0.25950695  0.40036279  0.4545254  0.50326557  0.4701549  0.37773723  0.34252336  0.4232018  0.2028356  0.2138603  0.46841615  0.42133218  0.31332476  0.46228636  0.56075882  0.39001024  0.23942006  0.39101373  0.51961102  0.4024028  0.46273343  0.31219021  1.0
HB_mental_rotation  0.25711988  0.283419  0.24101953  0.28254003  0.28975811  0.26735806  0.25953703  0.22934244  0.37893936  0.38871314  0.16133025  0.22853643  0.34782095  0.3405097  0.36945171  0.23884471  0.28495224  0.24877761  0.24758387  0.20198203  0.24043926  0.26796912  0.16698529  0.14090949  0.33079707  0.36034001  0.46945257  0.41538137  0.25483314  0.13721756  0.22006615  0.19390714  0.24598956  0.45021537  0.30814517  0.39331279  0.34164145  1.0
HB_paper_formboard  0.40491969  0.39547534  0.31457996  0.40522608  0.44724301  0.37518768  0.39402049  0.36687334  0.51718116  0.47776517  0.38462789  0.39557016  0.45784983  0.36259552  0.49982876  0.31277134  0.32680267  0.39322355  0.34620871  0.28238305  0.31101157  0.33585015  0.19706827  0.26748245  0.41270774  0.51182791  0.4803211  0.50082904  0.43947976  0.2720339  0.33601441  0.37380824  0.39886212  0.44206868  0.44767129  0.46002428  0.43541823  0.45045148  1.0
HB_hidden_patterns  0.464997  0.39867566  0.45418315  0.47224635  0.47186044  0.33412065  0.42830948  0.36168861  0.57286806  0.52807962  0.36778523  0.40870439  0.42690928  0.38363153  0.44383029  0.37631133  0.35880518  0.46413338  0.40928962  0.30290513  0.34797019  0.35026564  0.24113374  0.24225606  0.48181286  0.55009133  0.49306295  0.4692188  0.47000846  0.40297055  0.31102248  0.45851623  0.42141666  0.47259136  0.48548997  0.38567884  0.46726326  0.48848536  0.57089528  1.0
HB_paper_folding  0.41036589  0.38836954  0.32515307  0.39657876  0.44864862  0.34870475  0.42134473  0.34901485  0.53065995  0.53949846  0.29043514  0.36574998  0.39633835  0.35432421  0.43895043  0.28310834  0.35918262  0.38438308  0.37374324  0.27565813  0.31385279  0.39167774  0.2470031  0.26523937  0.34384972  0.38373604  0.42577162  0.53599362  0.42863465  0.23246572  0.21525232  0.30228142  0.45099071  0.42408696  0.39453112  0.55029806  0.46980353  0.45446318  0.59013298  0.45497129  1.0
WAIS_block_design  0.42817539  0.40455782  0.36003818  0.39818449  0.42640248  0.38123212  0.42969656  0.36147649  0.550808  0.58653098  0.3424001  0.37768992  0.43630895  0.37567943  0.50066258  0.3348992  0.30814664  0.40468592  0.40075785  0.30285757  0.28927016  0.37642093  0.20717104  0.23283935  0.49478476  0.47884242  0.469892  0.5452916  0.45347939  0.27181932  0.30885977  0.40860559  0.46423155  0.46582857  0.50037064  0.4578093  0.49815194  0.47867657  0.64308233  0.602497  0.61289965  1.0
