 0.99098889E+00    0.72216363E+00    0.98932033E+00    0.70673584E+00    0.60434889E+00
 0.99682703E+00    0.80425918E+00    0.70613716E+00    0.73070328E+00    0.99746655E+00
 0.71706931E+00    0.61852722E+00    0.63787380E+00    0.69750017E+00    0.99224812E+00
 0.63036653E+00    0.58478972E+00    0.48356762E+00    0.60775115E+00    0.62970367E+00
 0.97441504E+00    0.81605530E+00    0.72102719E+00    0.68900988E+00    0.79666500E+00
 0.76035422E+00    0.70120730E+00    0.99104082E+00    0.57003503E+00    0.55389687E+00
 0.47629373E+00    0.55440739E+00    0.62175657E+00    0.55374297E+00    0.64949620E+00
 0.96967220E+00    0.65459120E+00    0.63089071E+00    0.61846130E+00    0.67347860E+00
 0.62664628E+00    0.47722352E+00    0.62300872E+00    0.51324840E+00    0.97992388E+00
 0.58852852E+00    0.45449901E+00    0.51073414E+00    0.47935135E+00    0.56390323E+00
 0.47189048E+00    0.53700146E+00    0.45772242E+00    0.55635932E+00    0.96867090E+00
 0.47613800E+00    0.47593890E+00    0.44790961E+00    0.52820320E+00    0.49018444E+00
 0.44182396E+00    0.53881842E+00    0.39413325E+00    0.46638496E+00    0.32645887E+00
 0.98871285E+00    0.52631431E+00    0.51820177E+00    0.41549559E+00    0.52546206E+00
 0.50259568E+00    0.53543370E+00    0.58323609E+00    0.49767050E+00    0.50499943E+00
 0.40084646E+00    0.60545069E+00    0.98985470E+00    0.41857441E+00    0.41430669E+00
 0.35131499E+00    0.41749823E+00    0.46558453E+00    0.38747007E+00    0.45143464E+00
 0.42431575E+00    0.43857950E+00    0.46349877E+00    0.33575804E+00    0.34673664E+00
 0.94613493E+00    0.35039192E+00    0.38881194E+00    0.26028954E+00    0.32720548E+00
 0.39787837E+00    0.40461698E+00    0.38006413E+00    0.31178373E+00    0.39298158E+00
 0.38576512E+00    0.31005245E+00    0.31304941E+00    0.42620755E+00    0.97074230E+00
 0.24629076E+00    0.24021512E+00    0.16916969E+00    0.25439322E+00    0.31696953E+00
 0.29099763E+00    0.25921763E+00    0.26712314E+00    0.30957752E+00    0.37945987E+00
 0.25200741E+00    0.27939787E+00    0.41491317E+00    0.32790620E+00    0.96359589E+00
 0.40968384E+00    0.37204416E+00    0.45965915E+00    0.42591697E+00    0.43279370E+00
 0.29874506E+00    0.41015316E+00    0.35325935E+00    0.47582420E+00    0.38838062E+00
 0.35776593E+00    0.36078789E+00    0.21968277E+00    0.18106371E+00    0.10874120E+00
 0.98148709E+00    0.34319319E+00    0.35880329E+00    0.44212821E+00    0.40322626E+00
 0.37488326E+00    0.24689437E+00    0.34428874E+00    0.36159035E+00    0.46677694E+00
 0.29688138E+00    0.31557263E+00    0.27735905E+00    0.32149868E+00    0.19169860E+00
 0.24449988E+00    0.32204143E+00    0.97478896E+00    0.58338303E+00    0.50895419E+00
 0.64584417E+00    0.64277613E+00    0.53866343E+00    0.44312144E+00    0.57409055E+00
 0.47739885E+00    0.60535406E+00    0.45044038E+00    0.54618020E+00    0.52102179E+00
 0.35507936E+00    0.25471829E+00    0.19651223E+00    0.47597101E+00    0.48283511E+00
 0.98559194E+00    0.58643376E+00    0.53090226E+00    0.61183317E+00    0.61630077E+00
 0.52914868E+00    0.49016053E+00    0.60655570E+00    0.46008599E+00    0.55480233E+00
 0.46308520E+00    0.48864943E+00    0.46714063E+00    0.36078495E+00    0.31545588E+00
 0.21230478E+00    0.41881072E+00    0.39926017E+00    0.70122824E+00    0.97049532E+00
 0.38235353E+00    0.37614663E+00    0.45570193E+00    0.38694344E+00    0.33352522E+00
 0.26914625E+00    0.39789487E+00    0.31604433E+00    0.44208011E+00    0.37774587E+00
 0.31516286E+00    0.27826446E+00    0.24795831E+00    0.16690528E+00    0.11335261E+00
 0.58529604E+00    0.34761123E+00    0.45796734E+00    0.47149598E+00    0.97929073E+00
 0.33703694E+00    0.31947813E+00    0.36351411E+00    0.36641539E+00    0.38382865E+00
 0.24097743E+00    0.33034923E+00    0.26866103E+00    0.42766860E+00    0.30625335E+00
 0.20284693E+00    0.32913770E+00    0.22864273E+00    0.19716413E+00    0.16316261E+00
 0.32956215E+00    0.32913611E+00    0.36411100E+00    0.22788791E+00    0.28288824E+00
 0.98198472E+00    0.52872056E+00    0.51847088E+00    0.46540808E+00    0.50056348E+00
 0.48367024E+00    0.44307862E+00    0.55073778E+00    0.45290366E+00    0.49912267E+00
 0.43573134E+00    0.35704451E+00    0.45682167E+00    0.39813637E+00    0.33854431E+00
 0.21781217E+00    0.29106670E+00    0.32920569E+00    0.44099462E+00    0.43582002E+00
 0.34076409E+00    0.43338437E+00    0.99370287E+00    0.24140618E+00    0.20807400E+00
 0.12213972E+00    0.22970051E+00    0.21229925E+00    0.17062060E+00    0.20071978E+00
 0.16353905E+00    0.24529711E+00    0.23631398E+00    0.13160016E+00    0.15350368E+00
 0.19635372E+00    0.14128231E+00    0.15600700E+00    0.85128101E-01    0.61953609E-01
 0.18011635E+00    0.16673395E+00    0.10095279E+00    0.23941228E+00    0.28663657E+00
 0.86461431E+00    0.25161122E+00    0.22167568E+00    0.17577480E+00    0.24832322E+00
 0.22968797E+00    0.21328939E+00    0.25344509E+00    0.15277929E+00    0.26427159E+00
 0.23206642E+00    0.19395376E+00    0.18510731E+00    0.18855790E+00    0.13533675E+00
 0.17181081E+00    0.13466172E+00    0.12945366E+00    0.23563776E+00    0.25319552E+00
 0.19964993E+00    0.20597382E+00    0.32112345E+00    0.49108559E+00    0.98785886E+00
 0.39878992E+00    0.38144542E+00    0.48154844E+00    0.40339277E+00    0.34152665E+00
 0.23361804E+00    0.33580292E+00    0.30196944E+00    0.55108748E+00    0.35990341E+00
 0.27229436E+00    0.34944163E+00    0.27172682E+00    0.17537229E+00    0.16243824E+00
 0.36626235E+00    0.43761308E+00    0.48485172E+00    0.35562301E+00    0.31610566E+00
 0.32807659E+00    0.33272289E+00    0.14504575E+00    0.21855691E+00    0.98000844E+00
 0.38328994E+00    0.39522998E+00    0.38703872E+00    0.47075176E+00    0.41633474E+00
 0.30536987E+00    0.37939465E+00    0.33064513E+00    0.54935371E+00    0.30193185E+00
 0.40185494E+00    0.41724274E+00    0.40001893E+00    0.33991520E+00    0.40671626E+00
 0.27812414E+00    0.43965327E+00    0.44821764E+00    0.31682101E+00    0.18601275E+00
 0.28668272E+00    0.31770928E+00    0.16381135E+00    0.14282062E+00    0.53719821E+00
 0.98290394E+00    0.12251472E+00    0.14468644E+00    0.17550769E+00    0.20912595E+00
 0.21116134E+00    0.17533669E+00    0.16262608E+00    0.15817438E+00    0.38876196E+00
 0.33673860E+00    0.15723997E+00    0.16766755E+00    0.26400562E+00    0.23760470E+00
 0.33091523E+00    0.22468499E+00    0.24274484E+00    0.25511649E+00    0.21563359E+00
 0.11945592E+00    0.22087488E+00    0.20162436E+00    0.15620924E+00    0.16628105E+00
 0.31685673E+00    0.35516336E+00    0.91401790E+00    0.36384138E+00    0.35909258E+00
 0.34094773E+00    0.36703657E+00    0.36632994E+00    0.35279980E+00    0.38753969E+00
 0.30486685E+00    0.50205793E+00    0.45908148E+00    0.28448381E+00    0.33362128E+00
 0.32646797E+00    0.29198624E+00    0.28879538E+00    0.34062480E+00    0.33440257E+00
 0.41723908E+00    0.35717655E+00    0.28913246E+00    0.33381425E+00    0.35208532E+00
 0.18396468E+00    0.20073104E+00    0.36515450E+00    0.35273332E+00    0.48008819E+00
 0.97173167E+00    0.57674910E+00    0.53692781E+00    0.65800903E+00    0.59175797E+00
 0.58056033E+00    0.44496882E+00    0.56539580E+00    0.45345197E+00    0.64871565E+00
 0.51695198E+00    0.44135904E+00    0.47059862E+00    0.32277436E+00    0.25619897E+00
 0.20735010E+00    0.53956031E+00    0.46352582E+00    0.60588870E+00    0.50672832E+00
 0.48817623E+00    0.39758633E+00    0.42455116E+00    0.14141584E+00    0.23643394E+00
 0.58117007E+00    0.41136168E+00    0.24610632E+00    0.42789939E+00    0.99322545E+00
 0.43165803E+00    0.42722710E+00    0.57648131E+00    0.54705539E+00    0.45328562E+00
 0.31084309E+00    0.43134365E+00    0.32200560E+00    0.50471892E+00    0.32235010E+00
 0.36796532E+00    0.34980368E+00    0.20641509E+00    0.14312598E+00    0.12971634E+00
 0.43537914E+00    0.40797854E+00    0.57430997E+00    0.45109350E+00    0.36978200E+00
 0.30930084E+00    0.34740335E+00    0.12112051E+00    0.18450410E+00    0.51795328E+00
 0.40063635E+00    0.19292891E+00    0.23111273E+00    0.70541141E+00    0.98949832E+00
 0.25232179E+00    0.26962686E+00    0.20675335E+00    0.26344300E+00    0.26229804E+00
 0.21946493E+00    0.24450386E+00    0.22905502E+00    0.34844315E+00    0.20075635E+00
 0.21395804E+00    0.26509058E+00    0.22323843E+00    0.16357729E+00    0.23314339E+00
 0.20053390E+00    0.22200544E+00    0.20886388E+00    0.13986660E+00    0.19482591E+00
 0.25662479E+00    0.24295783E+00    0.15456964E+00    0.15854651E+00    0.30154760E+00
 0.32013690E+00    0.20620751E+00    0.26669374E+00    0.30957894E+00    0.27485380E+00
 0.98841491E+00    0.45125732E+00    0.39647581E+00    0.50654533E+00    0.49695285E+00
 0.40240708E+00    0.30788481E+00    0.41733370E+00    0.34925059E+00    0.51584207E+00
 0.40902907E+00    0.30174606E+00    0.38954495E+00    0.33274523E+00    0.20619540E+00
 0.19027216E+00    0.42310350E+00    0.31954142E+00    0.52445261E+00    0.39294626E+00
 0.39736877E+00    0.36638744E+00    0.36816088E+00    0.21785058E+00    0.26370021E+00
 0.56907463E+00    0.51790251E+00    0.20829106E+00    0.34135266E+00    0.55661459E+00
 0.54047505E+00    0.26165899E+00    0.98696307E+00    0.57468127E+00    0.55718966E+00
 0.61063242E+00    0.57027688E+00    0.61588263E+00    0.47628177E+00    0.59454837E+00
 0.50856788E+00    0.61062384E+00    0.51284996E+00    0.35678986E+00    0.39976727E+00
 0.34708882E+00    0.34625511E+00    0.20126819E+00    0.45194428E+00    0.34074144E+00
 0.57587900E+00    0.52610244E+00    0.44911250E+00    0.40547532E+00    0.47330150E+00
 0.13859313E+00    0.22380494E+00    0.42182224E+00    0.31928532E+00    0.19005065E+00
 0.39828466E+00    0.68118764E+00    0.53613818E+00    0.23970946E+00    0.46177072E+00
 0.99825095E+00    0.29808584E+00    0.27142481E+00    0.26637783E+00    0.29907719E+00
 0.29075446E+00    0.24314954E+00    0.28478626E+00    0.25115730E+00    0.48537923E+00
 0.42799007E+00    0.23000090E+00    0.31271867E+00    0.28958313E+00    0.23391237E+00
 0.29344141E+00    0.30322738E+00    0.26557486E+00    0.31885273E+00    0.28418304E+00
 0.24336531E+00    0.27982323E+00    0.27804753E+00    0.20149333E+00    0.17048886E+00
 0.46719915E+00    0.45314553E+00    0.56431018E+00    0.50178283E+00    0.37093087E+00
 0.29176385E+00    0.25214592E+00    0.37929987E+00    0.29707741E+00    0.98642727E+00
 0.50237002E+00    0.41194375E+00    0.44580155E+00    0.46329215E+00    0.44340616E+00
 0.42474065E+00    0.44635415E+00    0.36705662E+00    0.46414785E+00    0.41892150E+00
 0.31022485E+00    0.42761128E+00    0.35575623E+00    0.30456607E+00    0.28896897E+00
 0.35208491E+00    0.35609509E+00    0.43713020E+00    0.39491147E+00    0.29372014E+00
 0.31228281E+00    0.36938553E+00    0.94622850E-01    0.16410428E+00    0.42438740E+00
 0.42986125E+00    0.27224986E+00    0.46185946E+00    0.51756452E+00    0.35068512E+00
 0.25853385E+00    0.44080064E+00    0.44119660E+00    0.31815262E+00    0.99219827E+00
 0.39045506E+00    0.40831786E+00    0.26620703E+00    0.33752641E+00    0.37955135E+00
 0.42709260E+00    0.40822333E+00    0.34401451E+00    0.36565298E+00    0.40622963E+00
 0.28212206E+00    0.35993053E+00    0.37488785E+00    0.37761108E+00    0.40191250E+00
 0.17293041E+00    0.21139335E+00    0.26317638E+00    0.30654702E+00    0.24181436E+00
 0.13392287E+00    0.36648223E+00    0.13363838E+00    0.16793803E+00    0.16167256E+00
 0.31532004E+00    0.29500435E+00    0.38150671E+00    0.29649975E+00    0.13575082E+00
 0.25123570E+00    0.19137636E+00    0.34819131E+00    0.28858251E+00    0.37997852E+00
 0.97378913E+00    0.52315791E+00    0.48586879E+00    0.50891897E+00    0.49108653E+00
 0.48078101E+00    0.35158526E+00    0.50012094E+00    0.40776162E+00    0.59728314E+00
 0.52130681E+00    0.38418441E+00    0.39036278E+00    0.37265154E+00    0.31316111E+00
 0.25331177E+00    0.39441635E+00    0.44624398E+00    0.49682644E+00    0.46057101E+00
 0.37171024E+00    0.33752153E+00    0.41950263E+00    0.18754881E+00    0.21136668E+00
 0.46111121E+00    0.41537378E+00    0.29787289E+00    0.45315123E+00    0.55572373E+00
 0.38578244E+00    0.23669501E+00    0.38627924E+00    0.51624651E+00    0.39742249E+00
 0.45834132E+00    0.30634490E+00    0.98882132E+00    0.25282310E+00    0.27844802E+00
 0.23768887E+00    0.27872496E+00    0.28509687E+00    0.26068256E+00    0.25520655E+00
 0.22307125E+00    0.37052080E+00    0.37788882E+00    0.15845195E+00    0.22458868E+00
 0.33417887E+00    0.33138143E+00    0.35822167E+00    0.23372471E+00    0.27789074E+00
 0.24395322E+00    0.24091607E+00    0.19743096E+00    0.23534471E+00    0.26385160E+00
 0.15336849E+00    0.13833574E+00    0.32346200E+00    0.35286999E+00    0.44331841E+00
 0.40445191E+00    0.25085717E+00    0.13482298E+00    0.21610738E+00    0.19027905E+00
 0.24276342E+00    0.44167168E+00    0.30318052E+00    0.38336922E+00    0.33556463E+00
 0.97564855E+00    0.40040536E+00    0.39073694E+00    0.31198776E+00    0.40201583E+00
 0.44253773E+00    0.36788930E+00    0.38963788E+00    0.35886014E+00    0.50855211E+00
 0.46708854E+00    0.37990277E+00    0.39093616E+00    0.44238072E+00    0.35487140E+00
 0.48737731E+00    0.30779803E+00    0.32050698E+00    0.38777935E+00    0.33879056E+00
 0.27758183E+00    0.30614382E+00    0.33256030E+00    0.18202227E+00    0.26408233E+00
 0.40583931E+00    0.50405288E+00    0.45614783E+00    0.49040995E+00    0.43507025E+00
 0.26879869E+00    0.33183649E+00    0.36888918E+00    0.39585785E+00    0.43613293E+00
 0.44295037E+00    0.45093071E+00    0.43009274E+00    0.44196850E+00    0.98671831E+00
 0.46142119E+00    0.39527667E+00    0.45201611E+00    0.47014387E+00    0.46852924E+00
 0.32876706E+00    0.42502693E+00    0.35502611E+00    0.56528020E+00    0.51808441E+00
 0.36453763E+00    0.40532932E+00    0.41392830E+00    0.37677255E+00    0.43428756E+00
 0.37162300E+00    0.35312381E+00    0.45930838E+00    0.40192076E+00    0.29879645E+00
 0.34372205E+00    0.34804772E+00    0.22350240E+00    0.24001318E+00    0.47545157E+00
 0.54362989E+00    0.46988623E+00    0.46106438E+00    0.46692012E+00    0.39957088E+00
 0.30822966E+00    0.45406513E+00    0.41970540E+00    0.46787657E+00    0.48205045E+00
 0.37937724E+00    0.46316266E+00    0.48096253E+00    0.56528315E+00    0.99363295E+00
 0.40700120E+00    0.38486078E+00    0.32343558E+00    0.39461051E+00    0.44525265E+00
 0.34294138E+00    0.41790096E+00    0.34240997E+00    0.52336240E+00    0.52901547E+00
 0.28772280E+00    0.36254345E+00    0.38408971E+00    0.34781061E+00    0.42929218E+00
 0.27943769E+00    0.35331384E+00    0.38019191E+00    0.36682599E+00    0.27177948E+00
 0.30986205E+00    0.38899785E+00    0.22882509E+00    0.26264883E+00    0.33913579E+00
 0.37903399E+00    0.40554971E+00    0.52640842E+00    0.42559961E+00    0.23038621E+00
 0.21320997E+00    0.29919335E+00    0.44892883E+00    0.41964058E+00    0.39153494E+00
 0.54102892E+00    0.46544162E+00    0.44723464E+00    0.58403182E+00    0.45184243E+00
 0.99261325E+00    0.41298767E+00    0.38987920E+00    0.34828876E+00    0.38531375E+00
 0.41153886E+00    0.36462166E+00    0.41446574E+00    0.34488437E+00    0.52829609E+00
 0.55931965E+00    0.32987543E+00    0.36408443E+00    0.41119862E+00    0.35863311E+00
 0.47618268E+00    0.32146774E+00    0.29477709E+00    0.38926706E+00    0.38252493E+00
 0.29038571E+00    0.27773908E+00    0.36356580E+00    0.18664710E+00    0.22422541E+00
 0.47458304E+00    0.45996962E+00    0.43526765E+00    0.52081439E+00    0.43788742E+00
 0.26198043E+00    0.29751713E+00    0.39331069E+00    0.44940253E+00    0.44826997E+00
 0.48291650E+00    0.43772168E+00    0.47995633E+00    0.45811009E+00    0.61893374E+00
 0.58190069E+00    0.59164391E+00    0.93877601E+00