 0.10000000E+01    0.72934457E+00    0.10000000E+01    0.71107076E+00    0.60856835E+00
 0.10000000E+01    0.80893283E+00    0.71083929E+00    0.73279413E+00    0.10000000E+01
 0.72313037E+00    0.62428113E+00    0.64137897E+00    0.70110813E+00    0.10000000E+01
 0.64148538E+00    0.59560629E+00    0.49065397E+00    0.61645961E+00    0.64040409E+00
 0.10000000E+01    0.82345415E+00    0.72817775E+00    0.69321791E+00    0.80127353E+00
 0.76676105E+00    0.71355699E+00    0.10000000E+01    0.58150664E+00    0.56552000E+00
 0.48445394E+00    0.56372510E+00    0.63386645E+00    0.56967054E+00    0.66254956E+00
 0.10000000E+01    0.66426229E+00    0.64075130E+00    0.62575806E+00    0.68120599E+00
 0.63550087E+00    0.48837528E+00    0.63219664E+00    0.52652495E+00    0.10000000E+01
 0.60068252E+00    0.46427612E+00    0.51975283E+00    0.48765946E+00    0.57518336E+00
 0.48571454E+00    0.54807699E+00    0.47228221E+00    0.57104597E+00    0.10000000E+01
 0.48102026E+00    0.48122441E+00    0.45117538E+00    0.53188381E+00    0.49489639E+00
 0.45013438E+00    0.54432913E+00    0.40252746E+00    0.47381987E+00    0.33358403E+00
 0.10000000E+01    0.53140430E+00    0.52365433E+00    0.41828356E+00    0.52881829E+00
 0.50713418E+00    0.54519014E+00    0.58886114E+00    0.50797659E+00    0.51275392E+00
 0.40935887E+00    0.61200922E+00    0.10000000E+01    0.43227662E+00    0.42822986E+00
 0.36175141E+00    0.42976291E+00    0.48052043E+00    0.40354283E+00    0.46620032E+00
 0.44299634E+00    0.45548661E+00    0.48415444E+00    0.34714810E+00    0.35829230E+00
 0.10000000E+01    0.35724628E+00    0.39675202E+00    0.26460304E+00    0.33252126E+00
 0.40540417E+00    0.41602568E+00    0.38748879E+00    0.32135791E+00    0.40292484E+00
 0.39781655E+00    0.31648133E+00    0.31935608E+00    0.44472610E+00    0.10000000E+01
 0.25203814E+00    0.24602792E+00    0.17260969E+00    0.25948299E+00    0.32416036E+00
 0.30031014E+00    0.26525971E+00    0.27634497E+00    0.31858533E+00    0.39276272E+00
 0.25818485E+00    0.28608158E+00    0.43454346E+00    0.33903941E+00    0.10000000E+01
 0.41540541E+00    0.37755804E+00    0.46471181E+00    0.43046067E+00    0.43855947E+00
 0.30548257E+00    0.41587038E+00    0.36210865E+00    0.48518577E+00    0.39831543E+00
 0.36317972E+00    0.36603611E+00    0.22796971E+00    0.18549711E+00    0.11181610E+00
 0.10000000E+01    0.34917969E+00    0.36536980E+00    0.44852125E+00    0.40892564E+00
 0.38118044E+00    0.25332841E+00    0.35028517E+00    0.37191959E+00    0.47759296E+00
 0.30551992E+00    0.32144668E+00    0.28235879E+00    0.33477064E+00    0.19706599E+00
 0.25227596E+00    0.32924118E+00    0.10000000E+01    0.59029734E+00    0.51542046E+00
 0.65158229E+00    0.64827907E+00    0.54470176E+00    0.45217048E+00    0.58087951E+00
 0.48833778E+00    0.61597731E+00    0.46099968E+00    0.55328932E+00    0.52749894E+00
 0.36770566E+00    0.26041115E+00    0.20164783E+00    0.48393790E+00    0.49260064E+00
 0.10000000E+01    0.59798163E+00    0.54181295E+00    0.62205158E+00    0.62639289E+00
 0.53922604E+00    0.50404537E+00    0.61848361E+00    0.47427454E+00    0.56891238E+00
 0.47761290E+00    0.49884495E+00    0.47661224E+00    0.37650881E+00    0.32500491E+00
 0.21954097E+00    0.42912001E+00    0.41049131E+00    0.71699166E+00    0.10000000E+01
 0.38812793E+00    0.38214914E+00    0.46122745E+00    0.39150967E+00    0.33834730E+00
 0.27552469E+00    0.40389339E+00    0.32432446E+00    0.45128301E+00    0.38784284E+00
 0.32029055E+00    0.28262865E+00    0.25760026E+00    0.17118365E+00    0.11668855E+00
 0.59700432E+00    0.35578094E+00    0.46615475E+00    0.48364361E+00    0.10000000E+01
 0.34165733E+00    0.32413080E+00    0.36741679E+00    0.37023048E+00    0.38884353E+00
 0.24634969E+00    0.33486917E+00    0.27532131E+00    0.43597223E+00    0.31400774E+00
 0.20586428E+00    0.33384090E+00    0.23720754E+00    0.20194056E+00    0.16773389E+00
 0.33569330E+00    0.33640921E+00    0.37011174E+00    0.23343835E+00    0.28847402E+00
 0.10000000E+01    0.53279916E+00    0.52291082E+00    0.46762287E+00    0.50278431E+00
 0.48709195E+00    0.45027780E+00    0.55497169E+00    0.46138672E+00    0.50580469E+00
 0.44412211E+00    0.36021268E+00    0.46060930E+00    0.41060765E+00    0.34469523E+00
 0.22259038E+00    0.29472838E+00    0.33449048E+00    0.44561156E+00    0.44379477E+00
 0.34543770E+00    0.43872523E+00    0.10000000E+01    0.26079711E+00    0.22497701E+00
 0.13156362E+00    0.24734411E+00    0.22920659E+00    0.18588668E+00    0.21683691E+00
 0.17860671E+00    0.26649254E+00    0.25822012E+00    0.14233448E+00    0.16592883E+00
 0.21709578E+00    0.15421428E+00    0.17091705E+00    0.92410099E-01    0.67483889E-01
 0.19511621E+00    0.18201874E+00    0.10971128E+00    0.25982614E+00    0.30923748E+00
 0.10000000E+01    0.25430106E+00    0.22423434E+00    0.17713291E+00    0.25016164E+00
 0.23199608E+00    0.21739514E+00    0.25614782E+00    0.15610060E+00    0.26860053E+00
 0.23723389E+00    0.19625271E+00    0.18719334E+00    0.19503868E+00    0.13820263E+00
 0.17609847E+00    0.13675853E+00    0.13192028E+00    0.23880800E+00    0.25859007E+00
 0.20298591E+00    0.20912801E+00    0.32411288E+00    0.53137184E+00    0.10000000E+01
 0.40466428E+00    0.38739056E+00    0.48720885E+00    0.40800363E+00    0.34633752E+00
 0.23906691E+00    0.34074053E+00    0.30976733E+00    0.56235358E+00    0.36938813E+00
 0.27662323E+00    0.35479216E+00    0.28218964E+00    0.17980182E+00    0.16715751E+00
 0.37345224E+00    0.44773401E+00    0.49333901E+00    0.36465168E+00    0.32267220E+00
 0.33443211E+00    0.33716268E+00    0.15757194E+00    0.22212743E+00    0.10000000E+01
 0.38836269E+00    0.40079831E+00    0.39101100E+00    0.47543073E+00    0.42157706E+00
 0.31203166E+00    0.38440576E+00    0.33868357E+00    0.55975805E+00    0.30943203E+00
 0.40764177E+00    0.42300698E+00    0.41480929E+00    0.34798704E+00    0.41791555E+00
 0.28316584E+00    0.44915834E+00    0.45539141E+00    0.32438571E+00    0.18959695E+00
 0.29180559E+00    0.32147418E+00    0.17769583E+00    0.14493989E+00    0.54734873E+00
 0.10000000E+01    0.12872904E+00    0.15215352E+00    0.18386916E+00    0.21901881E+00
 0.22173126E+00    0.18579049E+00    0.17087050E+00    0.16801432E+00    0.41078090E+00
 0.35787175E+00    0.16540571E+00    0.17627306E+00    0.28389600E+00    0.25224682E+00
 0.35260782E+00    0.23722170E+00    0.25716826E+00    0.26878969E+00    0.22895089E+00
 0.12626253E+00    0.23313990E+00    0.21156186E+00    0.17571877E+00    0.17499191E+00
 0.33478861E+00    0.37470999E+00    0.10000000E+01    0.37076994E+00    0.36623916E+00
 0.34642141E+00    0.37280951E+00    0.37306894E+00    0.36256273E+00    0.39490919E+00
 0.31406862E+00    0.51449894E+00    0.47318228E+00    0.29023467E+00    0.34016908E+00
 0.34047941E+00    0.30063340E+00    0.29844863E+00    0.34878741E+00    0.34359048E+00
 0.42634702E+00    0.36780111E+00    0.29639294E+00    0.34172703E+00    0.35829972E+00
 0.20070125E+00    0.20487733E+00    0.37418690E+00    0.36092567E+00    0.50941356E+00
 0.10000000E+01    0.58133787E+00    0.54165594E+00    0.66129926E+00    0.59452624E+00
 0.58480799E+00    0.45230738E+00    0.56987930E+00    0.46205631E+00    0.65755833E+00
 0.52703342E+00    0.44538236E+00    0.47461450E+00    0.33296499E+00    0.26091646E+00
 0.21194972E+00    0.54647939E+00    0.47108005E+00    0.61237910E+00    0.51612457E+00
 0.49499053E+00    0.40258275E+00    0.42734423E+00    0.15260295E+00    0.23869232E+00
 0.58906662E+00    0.41633640E+00    0.25829827E+00    0.43555657E+00    0.10000000E+01
 0.43591107E+00    0.43180015E+00    0.58045398E+00    0.55064868E+00    0.45746120E+00
 0.31656413E+00    0.43558218E+00    0.32873309E+00    0.51256138E+00    0.32925482E+00
 0.37201827E+00    0.35345254E+00    0.21333267E+00    0.14603567E+00    0.13284331E+00
 0.44179194E+00    0.41540765E+00    0.58155428E+00    0.46032262E+00    0.37564915E+00
 0.31377707E+00    0.35034683E+00    0.13094802E+00    0.18661693E+00    0.52597868E+00
 0.40624430E+00    0.20286747E+00    0.23569109E+00    0.71155918E+00    0.10000000E+01
 0.25494747E+00    0.27266227E+00    0.20829220E+00    0.26531870E+00    0.26485932E+00
 0.22362662E+00    0.24704172E+00    0.23396866E+00    0.35405124E+00    0.20516889E+00
 0.21643319E+00    0.26800255E+00    0.23084623E+00    0.16699420E+00    0.23889441E+00
 0.20359911E+00    0.22617191E+00    0.21161435E+00    0.14280640E+00    0.19802556E+00
 0.26048133E+00    0.24515061E+00    0.16720273E+00    0.16044995E+00    0.30638770E+00
 0.32479591E+00    0.21694891E+00    0.27212597E+00    0.31244807E+00    0.27792305E+00
 0.10000000E+01    0.45628839E+00    0.40123405E+00    0.51069072E+00    0.50085909E+00
 0.40663525E+00    0.31395385E+00    0.42197550E+00    0.35700494E+00    0.52452976E+00
 0.41832671E+00    0.30546121E+00    0.39411358E+00    0.34433792E+00    0.21065732E+00
 0.19510901E+00    0.42988657E+00    0.32577774E+00    0.53174967E+00    0.40150040E+00
 0.40419177E+00    0.37216692E+00    0.37175680E+00    0.23582892E+00    0.26706229E+00
 0.57863389E+00    0.52582597E+00    0.21930212E+00    0.34856170E+00    0.56218624E+00
 0.54691227E+00    0.26492050E+00    0.10000000E+01    0.57779367E+00    0.56067955E+00
 0.61213906E+00    0.57150065E+00    0.61882514E+00    0.48291657E+00    0.59775271E+00
 0.51691197E+00    0.61738734E+00    0.52153364E+00    0.35913485E+00    0.40216257E+00
 0.35714471E+00    0.35174210E+00    0.20521438E+00    0.45658615E+00    0.34542184E+00
 0.58058098E+00    0.53450740E+00    0.45423381E+00    0.40953611E+00    0.47521456E+00
 0.14918001E+00    0.22537324E+00    0.42647610E+00    0.32233209E+00    0.19896292E+00
 0.40439011E+00    0.68410533E+00    0.53944769E+00    0.24132131E+00    0.46521753E+00
 0.10000000E+01    0.30149104E+00    0.27475686E+00    0.26863069E+00    0.30150990E+00
 0.29388925E+00    0.24800984E+00    0.28803199E+00    0.25680342E+00    0.49368789E+00
 0.43783758E+00    0.23289593E+00    0.31647219E+00    0.29975344E+00    0.23903895E+00
 0.30098261E+00    0.30817229E+00    0.27083147E+00    0.32337693E+00    0.29044834E+00
 0.24761122E+00    0.28431440E+00    0.28083953E+00    0.21818100E+00    0.17270941E+00
 0.47517612E+00    0.46020319E+00    0.59430310E+00    0.51251913E+00    0.37474558E+00
 0.29531902E+00    0.25535818E+00    0.38441446E+00    0.29937617E+00    0.10000000E+01
 0.50662905E+00    0.41578634E+00    0.44826253E+00    0.46570032E+00    0.44688147E+00
 0.43196903E+00    0.45012649E+00    0.37421514E+00    0.47071815E+00    0.42731219E+00
 0.31321479E+00    0.43148350E+00    0.36717808E+00    0.31033468E+00    0.29553200E+00
 0.35678442E+00    0.36208577E+00    0.44204147E+00    0.40244245E+00    0.29797421E+00
 0.31637086E+00    0.37200808E+00    0.10216111E+00    0.16575752E+00    0.43037629E+00
 0.43528482E+00    0.28588481E+00    0.47036764E+00    0.52136437E+00    0.35392445E+00
 0.26106493E+00    0.44544341E+00    0.44331564E+00    0.32159089E+00    0.10000000E+01
 0.39746986E+00    0.41600394E+00    0.27019490E+00    0.34247283E+00    0.38612502E+00
 0.43844750E+00    0.41554646E+00    0.35402329E+00    0.37431780E+00    0.41826450E+00
 0.28752095E+00    0.36660678E+00    0.39056414E+00    0.38838307E+00    0.41490778E+00
 0.17688728E+00    0.21697193E+00    0.26863703E+00    0.31533190E+00    0.24762461E+00
 0.13695248E+00    0.37255653E+00    0.14564230E+00    0.17122578E+00    0.16549655E+00
 0.32230243E+00    0.31269332E+00    0.39219002E+00    0.30148656E+00    0.13829372E+00
 0.25608211E+00    0.19521149E+00    0.35315520E+00    0.29444556E+00    0.38656929E+00
 0.10000000E+01    0.52849331E+00    0.49123763E+00    0.51260145E+00    0.49448138E+00
 0.48537595E+00    0.35817870E+00    0.50520816E+00    0.41642324E+00    0.60677150E+00
 0.53265543E+00    0.38854895E+00    0.39456973E+00    0.38527202E+00    0.31963692E+00
 0.25950695E+00    0.40036279E+00    0.45452540E+00    0.50326557E+00    0.47015490E+00
 0.37773723E+00    0.34252336E+00    0.42320180E+00    0.20283560E+00    0.21386030E+00
 0.46841615E+00    0.42133218E+00    0.31332476E+00    0.46228636E+00    0.56075882E+00
 0.39001024E+00    0.23942006E+00    0.39101373E+00    0.51961102E+00    0.40240280E+00
 0.46273343E+00    0.31219021E+00    0.10000000E+01    0.25711988E+00    0.28341900E+00
 0.24101953E+00    0.28254003E+00    0.28975811E+00    0.26735806E+00    0.25953703E+00
 0.22934244E+00    0.37893936E+00    0.38871314E+00    0.16133025E+00    0.22853643E+00
 0.34782095E+00    0.34050970E+00    0.36945171E+00    0.23884471E+00    0.28495224E+00
 0.24877761E+00    0.24758387E+00    0.20198203E+00    0.24043926E+00    0.26796912E+00
 0.16698529E+00    0.14090949E+00    0.33079707E+00    0.36034001E+00    0.46945257E+00
 0.41538137E+00    0.25483314E+00    0.13721756E+00    0.22006615E+00    0.19390714E+00
 0.24598956E+00    0.45021537E+00    0.30814517E+00    0.39331279E+00    0.34164145E+00
 0.10000000E+01    0.40491969E+00    0.39547534E+00    0.31457996E+00    0.40522608E+00
 0.44724301E+00    0.37518768E+00    0.39402049E+00    0.36687334E+00    0.51718116E+00
 0.47776517E+00    0.38462789E+00    0.39557016E+00    0.45784983E+00    0.36259552E+00
 0.49982876E+00    0.31277134E+00    0.32680267E+00    0.39322355E+00    0.34620871E+00
 0.28238305E+00    0.31101157E+00    0.33585015E+00    0.19706827E+00    0.26748245E+00
 0.41270774E+00    0.51182791E+00    0.48032110E+00    0.50082904E+00    0.43947976E+00
 0.27203390E+00    0.33601441E+00    0.37380824E+00    0.39886212E+00    0.44206868E+00
 0.44767129E+00    0.46002428E+00    0.43541823E+00    0.45045148E+00    0.10000000E+01
 0.46499700E+00    0.39867566E+00    0.45418315E+00    0.47224635E+00    0.47186044E+00
 0.33412065E+00    0.42830948E+00    0.36168861E+00    0.57286806E+00    0.52807962E+00
 0.36778523E+00    0.40870439E+00    0.42690928E+00    0.38363153E+00    0.44383029E+00
 0.37631133E+00    0.35880518E+00    0.46413338E+00    0.40928962E+00    0.30290513E+00
 0.34797019E+00    0.35026564E+00    0.24113374E+00    0.24225606E+00    0.48181286E+00
 0.55009133E+00    0.49306295E+00    0.46921880E+00    0.47000846E+00    0.40297055E+00
 0.31102248E+00    0.45851623E+00    0.42141666E+00    0.47259136E+00    0.48548997E+00
 0.38567884E+00    0.46726326E+00    0.48848536E+00    0.57089528E+00    0.10000000E+01
 0.41036589E+00    0.38836954E+00    0.32515307E+00    0.39657876E+00    0.44864862E+00
 0.34870475E+00    0.42134473E+00    0.34901485E+00    0.53065995E+00    0.53949846E+00
 0.29043514E+00    0.36574998E+00    0.39633835E+00    0.35432421E+00    0.43895043E+00
 0.28310834E+00    0.35918262E+00    0.38438308E+00    0.37374324E+00    0.27565813E+00
 0.31385279E+00    0.39167774E+00    0.24700310E+00    0.26523937E+00    0.34384972E+00
 0.38373604E+00    0.42577162E+00    0.53599362E+00    0.42863465E+00    0.23246572E+00
 0.21525232E+00    0.30228142E+00    0.45099071E+00    0.42408696E+00    0.39453112E+00
 0.55029806E+00    0.46980353E+00    0.45446318E+00    0.59013298E+00    0.45497129E+00
 0.10000000E+01    0.42817539E+00    0.40455782E+00    0.36003818E+00    0.39818449E+00
 0.42640248E+00    0.38123212E+00    0.42969656E+00    0.36147649E+00    0.55080800E+00
 0.58653098E+00    0.34240010E+00    0.37768992E+00    0.43630895E+00    0.37567943E+00
 0.50066258E+00    0.33489920E+00    0.30814664E+00    0.40468592E+00    0.40075785E+00
 0.30285757E+00    0.28927016E+00    0.37642093E+00    0.20717104E+00    0.23283935E+00
 0.49478476E+00    0.47884242E+00    0.46989200E+00    0.54529160E+00    0.45347939E+00
 0.27181932E+00    0.30885977E+00    0.40860559E+00    0.46423155E+00    0.46582857E+00
 0.50037064E+00    0.45780930E+00    0.49815194E+00    0.47867657E+00    0.64308233E+00
 0.60249700E+00    0.61289965E+00    0.10000000E+01